MADNESS MRA-PNO INFORMATION
pairinfo=0,1,2,3,4,5,6,7,8,7.7,4.4,8.8,5.5,3.3,2.2,6.6
nuclear_repulsion=42.0307
occinfo=-11.1846,-11.1846,-0.641242,-0.641242,-0.64126,-0.641242,-0.712945,-0.64126,-0.641242,0.00735335,0.00735335,0.00735308,0.00735308,0.00735308,0.00735308,0.00590874