MADNESS MRA-PNO INFORMATION
pairinfo=0,1,2,3,4,5,6,7,8,2.2,4.4,3.3,5.5,7.7,8.8,6.6
nuclear_repulsion=36.6053
occinfo=-20.4929,-20.4929,-0.937296,-0.953834,-0.953834,-0.788956,-0.787966,-0.788957,-0.787966,0.0157204,0.00757366,0.00757366,0.00387449,0.00387449,0.00377236,0.00377236