MADNESS MRA-PNO INFORMATION
pairinfo=0,1,2,3,4,5,6,7,8,8.8,5.5,3.3,2.2,7.7,4.4,6.6,4.4,7.7,2.2,3.3,5.5,8.8,7.7,4.4,5.5,2.2,8.8,3.3,7.7,4.4,3.3,2.2,8.8,5.5,6.6,6.6,6.6,8.8,5.5,2.2,3.3,7.7,4.4,6.6
nuclear_repulsion=42.0307
occinfo=-11.1846,-11.1846,-0.641242,-0.641242,-0.64126,-0.641242,-0.712945,-0.64126,-0.641242,0.00748436,0.00748436,0.00748436,0.00748436,0.00748432,0.00748432,0.00601814,0.00255099,0.00255099,0.0025509,0.0025509,0.0025509,0.0025509,0.00210752,0.00210752,0.00210749,0.00210749,0.00210749,0.00210749,0.00209686,0.00209686,0.00209683,0.00209683,0.00209683,0.00209683,0.00190588,0.00190582,0.00184539,0.000241096,0.000241096,0.000241096,0.000241095,0.000241092,0.000241092,9.43605e-05