MADNESS MRA-PNO INFORMATION
pairinfo=0,1,2,3,4,5,6,7,7.7,2.2,4.4,3.3,6.6,5.5
nuclear_repulsion=33.0069
occinfo=-11.2013,-11.2013,-0.629165,-0.682971,-0.682971,-0.682971,-0.682971,-0.629165,0.0086081,0.0086081,0.00688515,0.00688515,0.00688515,0.00688515